image: warehouse.pgm
resolution: 0.050000
origin: [-0.476175, -2.420197, 0.000000]
negate: 0
occupied_thresh: 0.65
free_thresh: 0.196

